[{"block_id":1,"transformations":[{"id":"5ZFP","selection":{"asym_id":"A"},"matrix":[1,0,0,0,0,1,0,0,0,0,1,0,0,0,0,1]},{"id":"6YE4","selection":{"asym_id":"A"},"matrix":[-0.38549069472515035,-0.2857549661751557,-0.8773488608225101,0,-0.10673693776353302,0.9582642099381214,-0.26521110472325904,0,0.9165174032156641,-0.008590882254074922,-0.3999025460595519,0,-52.03008246217168,65.55121102347583,304.96621982905987,1]}]},{"block_id":1,"transformations":[{"id":"5ZFP","selection":{"asym_id":"A"},"matrix":[1,0,0,0,0,1,0,0,0,0,1,0,0,0,0,1]},{"id":"6YKM","selection":{"asym_id":"A"},"matrix":[-0.20368613419157025,0.39455356281089304,0.8960130829465182,0,-0.41700291378991816,0.7930680757916136,-0.44401756389911595,0,-0.8857880833635162,-0.4640802874863552,0.002993014829594909,0,204.7628698364408,79.3775933748673,21.43262892453317,1]}]},{"block_id":2,"transformations":[{"id":"5ZFP","selection":{"asym_id":"A"},"matrix":[1,0,0,0,0,1,0,0,0,0,1,0,0,0,0,1]},{"id":"6YKM","selection":{"asym_id":"A"},"matrix":[0.6453880504527312,-0.6964163892222122,0.31381280591384375,0,-0.7073836362305606,-0.38988217185463764,0.5895763591453965,0,-0.2882406208813273,-0.6024915807649164,-0.7442588525381068,0,58.183082355196824,378.28265312936435,81.02171185352375,1]}]},{"block_id":3,"transformations":[{"id":"5ZFP","selection":{"asym_id":"A"},"matrix":[1,0,0,0,0,1,0,0,0,0,1,0,0,0,0,1]},{"id":"6YKM","selection":{"asym_id":"A"},"matrix":[0.6621220768609017,-0.0678311044871876,0.7463198353236064,0,-0.6729004342227238,0.38453038951330254,0.6319346367810663,0,-0.329847481355059,-0.9206168154041052,0.2089624804574437,0,51.05809946941778,230.75053168897105,-100.99552174054341,1]}]},{"block_id":1,"transformations":[{"id":"5ZFP","selection":{"asym_id":"A"},"matrix":[1,0,0,0,0,1,0,0,0,0,1,0,0,0,0,1]},{"id":"6YSF","selection":{"asym_id":"E"},"matrix":[0.03324983921210608,0.2854258456242549,0.9578238537654241,0,0.45087742923277097,0.8510085021520243,-0.2692472341054146,0,-0.8919663625949227,0.4408135840858892,-0.10039617564696368,0,60.4215684961905,13.116472880598167,6.744772984703815,1]}]},{"block_id":2,"transformations":[{"id":"5ZFP","selection":{"asym_id":"A"},"matrix":[1,0,0,0,0,1,0,0,0,0,1,0,0,0,0,1]},{"id":"6YSF","selection":{"asym_id":"E"},"matrix":[0.3992271975698428,0.8446645206629857,-0.3565942964402253,0,0.8784639478790682,-0.4637589909073587,-0.1150160450950675,0,-0.2625237836792156,-0.2673377000831684,-0.92715253174275,0,-83.87041139785877,139.5953549412582,221.36815438302742,1]}]},{"block_id":3,"transformations":[{"id":"5ZFP","selection":{"asym_id":"A"},"matrix":[1,0,0,0,0,1,0,0,0,0,1,0,0,0,0,1]},{"id":"6YSF","selection":{"asym_id":"E"},"matrix":[-0.09654155813571241,0.9928555580741084,0.07012537596391788,0,0.8032187231601216,0.11932242254635905,-0.5836110367725176,0,-0.5878089913549754,-0.00001670389235536307,-0.8089997462318683,0,1.7331151347670222,50.576120733066006,206.05177801987887,1]}]},{"block_id":1,"transformations":[{"id":"5ZFP","selection":{"asym_id":"A"},"matrix":[1,0,0,0,0,1,0,0,0,0,1,0,0,0,0,1]},{"id":"6YSL","selection":{"asym_id":"A"},"matrix":[0.31223375574259976,0.9150733395341213,0.25524667490241926,0,-0.08236750359111972,-0.24159152114260823,0.9668759647773688,0,0.9464278504603706,-0.322915345231334,-0.00006072142170973627,0,-97.27113554884636,139.627406887507,-73.58750871046402,1]}]},{"block_id":2,"transformations":[{"id":"5ZFP","selection":{"asym_id":"A"},"matrix":[1,0,0,0,0,1,0,0,0,0,1,0,0,0,0,1]},{"id":"6YSL","selection":{"asym_id":"A"},"matrix":[-0.0757888313571076,-0.16372848181945748,-0.9835898724990104,0,0.9353053380782439,0.33024892237537756,-0.12704162244022338,0,0.3456298274221516,-0.9295851943264791,0.1281069431574114,0,-137.19842356528912,252.94569939474695,199.40572026287197,1]}]},{"block_id":3,"transformations":[{"id":"5ZFP","selection":{"asym_id":"A"},"matrix":[1,0,0,0,0,1,0,0,0,0,1,0,0,0,0,1]},{"id":"6YSL","selection":{"asym_id":"A"},"matrix":[0.924252780251483,0.37324508989170846,-0.0802801411878093,0,0.32188016384727636,-0.6487383652789807,0.6895880607557002,0,0.2053045501664648,-0.6631942673808988,-0.7197384284544344,0,-170.5464802702848,280.9865226664691,137.5112582563159,1]}]},{"block_id":4,"transformations":[{"id":"5ZFP","selection":{"asym_id":"A"},"matrix":[1,0,0,0,0,1,0,0,0,0,1,0,0,0,0,1]},{"id":"6YSL","selection":{"asym_id":"A"},"matrix":[-0.49606459193851743,-0.859174653184485,-0.1254545174562959,0,0.739130067646113,-0.4936647639480211,0.4582377591792256,0,-0.4556387425651217,0.13458832104408086,0.8799314292103734,0,59.5476566779454,315.871427875138,-32.69187752113129,1]}]},{"block_id":5,"transformations":[{"id":"5ZFP","selection":{"asym_id":"A"},"matrix":[1,0,0,0,0,1,0,0,0,0,1,0,0,0,0,1]},{"id":"6YSL","selection":{"asym_id":"A"},"matrix":[-0.12133319426317286,-0.7249318197879143,0.6780502286917083,0,0.9925343760438623,-0.09713974715385165,0.07375216535199242,0,0.012400336330804729,0.6819367464669058,0.7313060272396325,0,-83.20424053825367,178.24019967986038,-82.91435843205426,1]}]},{"block_id":1,"transformations":[{"id":"5ZFP","selection":{"asym_id":"A"},"matrix":[1,0,0,0,0,1,0,0,0,0,1,0,0,0,0,1]},{"id":"8GQY","selection":{"asym_id":"A"},"matrix":[-0.7134000498564131,-0.5388193823107895,0.4480335278872414,0,0.17745878638807625,-0.7574276515909247,-0.6283404584611187,0,0.6779150005705283,-0.3687506282729251,0.6359671580748363,0,24.717028753646716,380.8479510779209,9.19992914487878,1]}]},{"block_id":2,"transformations":[{"id":"5ZFP","selection":{"asym_id":"A"},"matrix":[1,0,0,0,0,1,0,0,0,0,1,0,0,0,0,1]},{"id":"8GQY","selection":{"asym_id":"A"},"matrix":[0.6091875679194706,-0.7845439821199742,0.11567734096051571,0,-0.09377978389081604,-0.21611402532415314,-0.9718539397417618,0,0.7874616557177581,0.5811931418878977,-0.20522834257655959,0,-155.5651187625532,241.49575053056998,215.39692801739193,1]}]},{"block_id":3,"transformations":[{"id":"5ZFP","selection":{"asym_id":"A"},"matrix":[1,0,0,0,0,1,0,0,0,0,1,0,0,0,0,1]},{"id":"8GQY","selection":{"asym_id":"A"},"matrix":[0.1880038196364765,-0.9073444449589285,0.37600614623204065,0,-0.3709929371331909,-0.4200754395439617,-0.8281913219113302,0,0.9094057424490916,0.01620750733835584,-0.4155941677965346,0,-78.5245284070636,340.69451322668147,186.44962827325264,1]}]},{"block_id":4,"transformations":[{"id":"5ZFP","selection":{"asym_id":"A"},"matrix":[1,0,0,0,0,1,0,0,0,0,1,0,0,0,0,1]},{"id":"8GQY","selection":{"asym_id":"A"},"matrix":[0.2870569375262815,0.1601978439745767,0.9444230860180894,0,0.25096041382834666,-0.9640573022496111,0.0872490038356209,0,0.9244550747922466,0.21196737665287085,-0.31694265400189053,0,-173.34787927259092,229.27148632217842,-13.45959869451599,1]}]}]