6
6ye4.cif_A 0.0000000 0.2927341 2.6031493 2.2930334 2.1736789 2.2138168 
5zfv.cif_C 0.2927341 0.0000000 2.3549481 2.0938601 1.9108062 2.1188402 
8gqy.cif_A 2.6031493 2.3549481 0.0000000 1.5622019 1.2569356 1.6020615 
6ykm.cif_A 2.2930334 2.0938601 1.5622019 0.0000000 1.5801550 1.3057647 
6ysf.cif_E 2.1736789 1.9108062 1.2569356 1.5801550 0.0000000 1.2506394 
6ysl.cif_G 2.2138168 2.1188402 1.6020615 1.3057647 1.2506394 0.0000000 
